{
 "cells": [
  {
   "cell_type": "code",
   "execution_count": 38,
   "id": "2cec62aa",
   "metadata": {},
   "outputs": [],
   "source": [
    "import pandas as pd \n",
    "import numpy as np\n",
    "import matplotlib.pyplot as plt\n",
    "import cvxpy as cp\n",
    "from tqdm import tqdm"
   ]
  },
  {
   "cell_type": "markdown",
   "id": "22587bad",
   "metadata": {},
   "source": [
    "# I- Data preparation"
   ]
  },
  {
   "cell_type": "markdown",
   "id": "57b7efbe",
   "metadata": {},
   "source": [
    "We'll use a dataset of historical returns and realized covariance of the main stock market indexes (Eurostoxx 500, S&P 500,...). Realized covariance on day $t$ between index $i$ and $j$ is estimated by: \n",
    "$$Cov_{t,i,j} = \\rho_{t,i,j} \\sigma_{t,i} \\sigma_{t,j}$$\n",
    "Where $\\rho_{t,i,j}$ is the historical correlation up to time $t$ between returns of index $i$ (60 days of returns) and $j$ and $\\sigma_{t,i}$ is the realized volatility of index $i$ during day $t$ (computed with datapoints with a 5 minutes frequency during day $t$.)"
   ]
  },
  {
   "cell_type": "code",
   "execution_count": 86,
   "id": "f3b677a1",
   "metadata": {},
   "outputs": [
    {
     "name": "stderr",
     "output_type": "stream",
     "text": [
      "C:\\Users\\jean-\\AppData\\Local\\Temp\\ipykernel_13384\\2486482984.py:4: FutureWarning: In a future version of pandas, parsing datetimes with mixed time zones will raise an error unless `utc=True`. Please specify `utc=True` to opt in to the new behaviour and silence this warning. To create a `Series` with mixed offsets and `object` dtype, please use `apply` and `datetime.datetime.strptime`\n",
      "  df['date'] = pd.to_datetime(df['date'])\n"
     ]
    },
    {
     "name": "stdout",
     "output_type": "stream",
     "text": [
      "removed assets : ['.BSESN_price', '.BVLG_price', '.BVSP_price', '.FTMIB_price', '.GSPTSE_price', '.HSI_price', '.KS11_price', '.KSE_price', '.N225_price', '.NSEI_price', '.OMXC20_price', '.OMXHPI_price', '.OMXSPI_price', '.OSEAX_price', '.SMSI_price', '.SSEC_price', '.STI_price', '.BSESN_rv', '.BVLG_rv', '.BVSP_rv', '.FTMIB_rv', '.GSPTSE_rv', '.HSI_rv', '.KS11_rv', '.KSE_rv', '.N225_rv', '.NSEI_rv', '.OMXC20_rv', '.OMXHPI_rv', '.OMXSPI_rv', '.OSEAX_rv', '.SMSI_rv', '.SSEC_rv', '.STI_rv']\n"
     ]
    }
   ],
   "source": [
    "df = pd.read_csv(\"oxfordmanrealizedvolatilityindices.csv\")\n",
    "df = df.rename(columns={'Unnamed: 0': 'date'})\n",
    "df =df[~df['Symbol'].isin(['.MXX'])]\n",
    "df['date'] = pd.to_datetime(df['date'])\n",
    "\n",
    "#pivot pour passer de format long à wide \n",
    "pivot_prices = df.pivot(index='date', columns='Symbol', values='close_price')\n",
    "pivot_rv5 = df.pivot(index='date', columns='Symbol', values='rv5')\n",
    "\n",
    "#on combine les 2 pivot tables\n",
    "combined = pivot_prices.join(pivot_rv5, lsuffix='_price', rsuffix='_rv')\n",
    "\n",
    "\n",
    "#we toss the assets for wich there are more than 5% of missing values (and we will do forward fill on others)\n",
    "threshold = len(combined) * 0.05\n",
    "missing_counts = combined.isna().sum()\n",
    "cols_to_drop = missing_counts[missing_counts > threshold].index\n",
    "print(f\"removed assets : {cols_to_drop.tolist()}\")\n",
    "\n",
    "combined = combined.drop(columns=cols_to_drop)\n",
    "combined = combined.ffill()\n",
    "combined = combined.dropna()\n",
    "\n",
    "\n",
    "\n",
    "# Séparation après nettoyage\n",
    "prices = combined.filter(like='_price')\n",
    "variances = combined.filter(like='_rv')\n",
    "\n",
    "# Renommage des colonnes pour avoir juste les symboles\n",
    "prices.columns = [c.replace('_price', '') for c in prices.columns]\n",
    "variances.columns = [c.replace('_rv', '') for c in variances.columns]\n",
    "\n",
    "#Compute returns and realized covariances \n",
    "returns_df = prices.pct_change()\n",
    "realized_vol_df = np.sqrt(variances)\n",
    "\n",
    "# realign datasets \n",
    "valid_idx = returns_df.index.intersection(realized_vol_df.index)\n",
    "returns_df = returns_df.loc[valid_idx].dropna()\n",
    "realized_vol_df = realized_vol_df.loc[returns_df.index]\n",
    "\n",
    "#Compute realized correlations (rollign window of 60 days)\n",
    "# crée un objet MultiIndex (Date x Symbol) pour les corrélations\n",
    "rolling_corr = returns_df.rolling(window=60).corr() \n",
    "\n",
    "# On doit supprimer les premiers jours (car on n'a pas les 60 premieres valeurs de correlation)\n",
    "returns_df = returns_df.iloc[60:]\n",
    "realized_vol_df = realized_vol_df.iloc[60:]\n",
    "valid_dates = returns_df.index\n",
    "\n",
    "#construction of the tensor containing realized covariances\n",
    "T = len(valid_dates)\n",
    "N = len(returns_df.columns)\n",
    "\n",
    "# Structures finales\n",
    "cov_tensor = np.zeros((T, N, N))\n",
    "returns_matrix = returns_df.values\n",
    "\n",
    "assets = returns_df.columns.tolist()\n",
    "dates = valid_dates.values\n",
    "\n",
    "for t, date in enumerate(valid_dates):\n",
    "    # vector containing daily realized volatilities (oxford data)\n",
    "    sigma_vec = realized_vol_df.loc[date].values\n",
    "    \n",
    "    # matrix of estimated realized covariance matrix, built from daily realized volatility and historical correlations (computed over 60 days)\n",
    "    R = rolling_corr.loc[date].values\n",
    "        \n",
    "    # Cov = Sigma_outer * R\n",
    "    # avec Sigma_outer = matrice des produits sigma_i * sigma_j pour la date t \n",
    "    Sigma_outer = np.outer(sigma_vec, sigma_vec)\n",
    "    V_real = Sigma_outer * R\n",
    "    \n",
    "    cov_tensor[t, :, :] = V_real\n",
    "\n",
    "\n",
    "\n",
    "data = {\n",
    "    'dates': dates,\n",
    "    'assets': assets,\n",
    "    'returns': returns_matrix,      \n",
    "    'realized_covs': cov_tensor     \n",
    "}"
   ]
  },
  {
   "cell_type": "markdown",
   "id": "7020e191",
   "metadata": {},
   "source": [
    "Because of missing data in the dataset, we've kept only 14 indexes. These are the index for which there is no (or very little) missing data, with less than 5% of data missing. "
   ]
  },
  {
   "cell_type": "code",
   "execution_count": 87,
   "id": "86e600b7",
   "metadata": {},
   "outputs": [
    {
     "name": "stdout",
     "output_type": "stream",
     "text": [
      "dates: [Timestamp('2000-03-29 00:00:00+0100', tz='UTC+01:00')\n",
      " Timestamp('2000-03-30 00:00:00+0100', tz='UTC+01:00')\n",
      " Timestamp('2000-03-31 00:00:00+0100', tz='UTC+01:00')\n",
      " Timestamp('2000-04-03 00:00:00+0100', tz='UTC+01:00')\n",
      " Timestamp('2000-04-04 00:00:00+0100', tz='UTC+01:00')]\n",
      "assets: ['.AEX', '.AORD', '.BFX', '.DJI', '.FCHI', '.FTSE', '.GDAXI', '.IBEX', '.IXIC', '.RUT', '.SPX', '.SSMI', '.STOXX50E']\n",
      "first day return [-0.00757333 -0.00034039 -0.00877328 -0.00390997 -0.0028846  -0.00841397\n",
      " -0.00413467 -0.01003186 -0.05330983 -0.0426826  -0.00865252  0.00526981\n",
      "  0.00073599]\n",
      "first day realized covariance [[ 7.89514278e-05  2.54291954e-05  3.16467526e-05  1.18229152e-05\n",
      "   6.31398104e-05  4.60003804e-05  8.68504678e-05  5.74845429e-05\n",
      "   9.26594239e-05  4.69091452e-05  2.83580079e-05  2.75185698e-05\n",
      "   6.33600913e-05]\n",
      " [ 2.54291954e-05  5.10091529e-05  3.85181660e-06 -2.56814222e-06\n",
      "   2.05984253e-05  1.70047171e-05  2.99972775e-05  1.12857803e-05\n",
      "   3.27270983e-05  1.47984410e-05  3.12462974e-06  8.45828380e-06\n",
      "   2.05436113e-05]\n",
      " [ 3.16467526e-05  3.85181660e-06  7.40226767e-05  3.85765544e-05\n",
      "   2.29566775e-05  2.14647078e-05  3.33927263e-05  2.45944889e-05\n",
      "   2.47909396e-05  1.55067561e-05  3.99970636e-05  2.56446091e-05\n",
      "   2.26357678e-05]\n",
      " [ 1.18229152e-05 -2.56814222e-06  3.85765544e-05  1.33060933e-04\n",
      "   1.08773247e-06  1.36005859e-05  5.38779273e-06 -1.56077063e-05\n",
      "   9.05833089e-05  2.60400488e-05  1.33571653e-04  2.09019333e-05\n",
      "   3.00638202e-06]\n",
      " [ 6.31398104e-05  2.05984253e-05  2.29566775e-05  1.08773247e-06\n",
      "   8.66803443e-05  4.47825456e-05  9.08414731e-05  6.61735327e-05\n",
      "   6.56604523e-05  3.41897440e-05  1.53255099e-05  2.44844211e-05\n",
      "   7.06409327e-05]\n",
      " [ 4.60003804e-05  1.70047171e-05  2.14647078e-05  1.36005859e-05\n",
      "   4.47825456e-05  7.52172110e-05  7.13055251e-05  4.69756415e-05\n",
      "   6.27995460e-05  3.20461977e-05  2.61905501e-05  2.62085018e-05\n",
      "   4.64598874e-05]\n",
      " [ 8.68504678e-05  2.99972775e-05  3.33927263e-05  5.38779273e-06\n",
      "   9.08414731e-05  7.13055251e-05  1.60708817e-04  9.60538180e-05\n",
      "   9.00283652e-05  4.20757170e-05  2.22395650e-05  4.40731402e-05\n",
      "   9.66028317e-05]\n",
      " [ 5.74845429e-05  1.12857803e-05  2.45944889e-05 -1.56077063e-05\n",
      "   6.61735327e-05  4.69756415e-05  9.60538180e-05  1.00485131e-04\n",
      "   5.32335371e-05  2.72745372e-05 -4.03232808e-06  2.16981225e-05\n",
      "   6.58941980e-05]\n",
      " [ 9.26594239e-05  3.27270983e-05  2.47909396e-05  9.05833089e-05\n",
      "   6.56604523e-05  6.27995460e-05  9.00283652e-05  5.32335371e-05\n",
      "   4.95815934e-04  2.04546461e-04  1.83355076e-04  2.56715250e-05\n",
      "   6.52048242e-05]\n",
      " [ 4.69091452e-05  1.47984410e-05  1.55067561e-05  2.60400488e-05\n",
      "   3.41897440e-05  3.20461977e-05  4.20757170e-05  2.72745372e-05\n",
      "   2.04546461e-04  1.08114963e-04  6.43931156e-05  1.51027411e-05\n",
      "   3.14855003e-05]\n",
      " [ 2.83580079e-05  3.12462974e-06  3.99970636e-05  1.33571653e-04\n",
      "   1.53255099e-05  2.61905501e-05  2.22395650e-05 -4.03232808e-06\n",
      "   1.83355076e-04  6.43931156e-05  1.60433176e-04  2.45100834e-05\n",
      "   1.53547550e-05]\n",
      " [ 2.75185698e-05  8.45828380e-06  2.56446091e-05  2.09019333e-05\n",
      "   2.44844211e-05  2.62085018e-05  4.40731402e-05  2.16981225e-05\n",
      "   2.56715250e-05  1.51027411e-05  2.45100834e-05  3.28737839e-05\n",
      "   2.69568208e-05]\n",
      " [ 6.33600913e-05  2.05436113e-05  2.26357678e-05  3.00638202e-06\n",
      "   7.06409327e-05  4.64598874e-05  9.66028317e-05  6.58941980e-05\n",
      "   6.52048242e-05  3.14855003e-05  1.53547550e-05  2.69568208e-05\n",
      "   6.86238267e-05]]\n"
     ]
    }
   ],
   "source": [
    "print(\"dates:\",data['dates'][:5])\n",
    "print(\"assets:\",data['assets'])\n",
    "print(\"first day return\",data['returns'][0])\n",
    "print(\"first day realized covariance\",data['realized_covs'][0])"
   ]
  },
  {
   "cell_type": "markdown",
   "id": "3809645d",
   "metadata": {},
   "source": [
    "# II- Online portfolio construction"
   ]
  },
  {
   "cell_type": "markdown",
   "id": "372ef4ea",
   "metadata": {},
   "source": [
    "We'll compare the following portfolios:\n",
    "- equal weights portfolio \n",
    "- Markowitz portfolio (without short-selling and leverage) on the average of returns and realized covariance on the last 60 days. \n",
    "- Markowitz portfolio (without short-selling and leverage) on the average of returns and realized covariance on the full history. This portfolio is equivalent to a Follow-The-Leader algorithm \n",
    "- Online gradient descent/FTRL portfolio with regularizer $R(w) = \\frac{1}{2}\\|w\\|_2^2$:\n",
    "$$w_{t+1} =  \\arg\\max_{w \\in \\Delta_N} \\langle \\nabla f_t(w_t),w \\rangle - \\frac{1}{2\\eta}\\|w-w_t\\|_2^2 =  \\arg\\max_{w \\in \\Delta_N} \\eta \\sum_{s=0}^t f_s(w) - \\frac{1}{2}\\|w\\|_2^2$$\n",
    "$$ \\Leftrightarrow w_{t+1} = \\text{Proj}_{\\Delta_N}(w_t + \\eta \\nabla f_t(w_t))$$\n",
    "- Exponentiated gradient/FTRL with negative entropy regularizer:\n",
    "$$ w_{t+1} =\\arg\\max_{w \\in \\Delta_N} \\eta \\sum_{s=0}^t f_s(w) + \\sum_{i=1}^Nw_i log (w_i) $$\n",
    "$$ \\Leftrightarrow w_{t+1} = \\left( \\frac{e^{\\eta \\sum_{i=1}^{t}\\nabla f_s(w_s)_k}}{\\sum_{j=1}^Ne^{\\eta \\sum_{i=1}^{t}\\nabla f_s(w_s)_j}}\\right)_{ 1 \\leq k \\leq N} $$\n",
    "\n",
    "\n",
    "Regarding the learning rate used by the online learning algorithms: we'll use the RMSProp approach to tune the learning rate, ie set: \n",
    "$$ \\eta_t = \\frac{\\eta_{base}}{\\sqrt{A_t} + \\epsilon}$$\n",
    "where $A_t =  \\gamma A_{t-1} + (1- \\gamma) \\|\\nabla f_t(w_t)\\|^2$ is the quadratic moving average of the gradient.\n"
   ]
  },
  {
   "cell_type": "code",
   "execution_count": 88,
   "id": "37fe4c90",
   "metadata": {},
   "outputs": [],
   "source": [
    "#  projection on simplex of a vector v\n",
    "def project_to_simplex(v):\n",
    "    \n",
    "    n = len(v)\n",
    "    u = np.sort(v)[::-1]\n",
    "    cssv = np.cumsum(u)\n",
    "    rho = np.nonzero(u * np.arange(1, n + 1) > (cssv - 1))[0][-1]\n",
    "    theta = (cssv[rho] - 1) / (rho + 1.0)\n",
    "    w = np.maximum(v - theta, 0)\n",
    "    return w\n",
    "\n",
    "# quadratic program solver for markowitz portfolio\n",
    "def solve_qp(mu_est, Sigma_est, risk_aversion):\n",
    "    \"\"\"\n",
    "    Résout: Max w^T*mu - (lambda/2) * w^T*Sigma*w\n",
    "    Sujet à: sum(w)=1, w>=0\n",
    "    \"\"\"\n",
    "    N = len(mu_est)\n",
    "    w = cp.Variable(N)\n",
    "    gamma = cp.Parameter(nonneg=True, value=risk_aversion)\n",
    "    # we add a small regularization to Sigma to ensure it's positive definite\n",
    "    Sigma_est = Sigma_est + np.eye(N) * 1e-6\n",
    "\n",
    "    # Objectif : Maximiser le rendement ajusté du risque\n",
    "    # Note: cvxpy minimise, donc on minimise -(Rendement - Penalité)\n",
    "    ret = mu_est @ w\n",
    "    risk = cp.quad_form(w, cp.psd_wrap(Sigma_est))\n",
    "    prob = cp.Problem(cp.Maximize(ret - (gamma / 2) * risk), \n",
    "                      [cp.sum(w) == 1, w >= 0])\n",
    "    \n",
    "    try:\n",
    "        prob.solve(solver=cp.OSQP, warm_start=True) \n",
    "        return w.value\n",
    "    except Exception as e:\n",
    "        print(\"failed to compute markowitz solution\",e)"
   ]
  },
  {
   "cell_type": "code",
   "execution_count": 92,
   "id": "6ee4be4e",
   "metadata": {},
   "outputs": [
    {
     "name": "stderr",
     "output_type": "stream",
     "text": [
      "  0%|          | 0/4725 [00:00<?, ?it/s]"
     ]
    },
    {
     "name": "stderr",
     "output_type": "stream",
     "text": [
      "100%|██████████| 4725/4725 [02:50<00:00, 27.66it/s]\n"
     ]
    }
   ],
   "source": [
    "dates = data['dates']\n",
    "returns = data['returns']        \n",
    "covs = data['realized_covs']     \n",
    "assets = data['assets']\n",
    "\n",
    "T, N = returns.shape\n",
    "\n",
    "# Parameters of the model\n",
    "lambda_reg = 1   # risk aversion parameter of utility functions\n",
    "lr_ogd = 0.1 \n",
    "lr_eg = 1         # Learning Rate for FTRL / OMD \n",
    "window = 60       # rolling window for Markowitz rolling mean \n",
    "\n",
    "ma_eg = 0.0  # Moving average of the gradient \n",
    "ma_ogd = 0.0\n",
    "decay = 0.9        # decay factor \n",
    "lr_base_eg = 1.0      # Learning rate \n",
    "lr_base_ogd = 0.1      # Learning rate\n",
    "epsilon = 1e-6     # to avoid dividing by zero\n",
    "\n",
    "#initialization of variables \n",
    "#OGD\n",
    "w_ogd = np.ones(N) / N\n",
    "wealth_ogd = [1.0]\n",
    "\n",
    "#OGD with adaptive learning date\n",
    "w_ogd_ada = np.ones(N) / N\n",
    "wealth_ogd_ada = [1.0]\n",
    "\n",
    "#EG\n",
    "w_eg = np.ones(N) / N\n",
    "wealth_eg = [1.0]\n",
    "\n",
    "#EG with adaptive learning date\n",
    "w_eg_ada = np.ones(N) / N\n",
    "wealth_eg_ada = [1.0]\n",
    "\n",
    "#Markowitz Rolling \n",
    "w_marko_roll = np.ones(N) / N\n",
    "wealth_marko_roll = [1.0]\n",
    "\n",
    "#Markowitz Full History \n",
    "w_marko_full = np.ones(N) / N\n",
    "wealth_marko_full = [1.0]\n",
    "\n",
    "#Benchmark\n",
    "wealth_eq = [1.0]\n",
    "\n",
    "#history of weights \n",
    "hist_w_ogd = []\n",
    "hist_w_ogd_ada = []\n",
    "hist_w_eg = []\n",
    "hist_w_eg_ada = []\n",
    "hist_w_marko_roll = []\n",
    "hist_w_marko_full = []\n",
    "\n",
    "\n",
    "#we start the experiment at day 60 to have enough data to feed the markowitz portfolio\n",
    "#but we need to warm up OMD before that even if we don't invest in it\n",
    "for t in range(0, window):\n",
    "\n",
    "    r_t = returns[t]\n",
    "    V_t_real = covs[t]\n",
    "\n",
    "    #gradient for OGD\n",
    "    grad = r_t - lambda_reg * (V_t_real @ w_ogd)\n",
    "    w_ogd = project_to_simplex(w_ogd + lr_ogd * grad)\n",
    "\n",
    "    #gradient for OGD with adaptive rate\n",
    "    grad = r_t - lambda_reg * (V_t_real @ w_ogd_ada)\n",
    "    #update learning rate\n",
    "    ma_ogd = decay*ma_ogd + (1-decay)*np.sum(grad**2)\n",
    "    lr_ogd_ada = lr_base_ogd / (np.sqrt(ma_ogd) + epsilon)\n",
    "    #compute portfolio\n",
    "    w_ogd_ada = project_to_simplex(w_ogd + lr_ogd_ada * grad)\n",
    "\n",
    "    #gradient for exponentiated gradient algorithm\n",
    "    grad = r_t - lambda_reg * (V_t_real @ w_eg)\n",
    "    w_eg = w_eg*np.exp(lr_eg * grad)/np.sum(w_eg*np.exp(lr_eg * grad))\n",
    "\n",
    "    #gradient for EG with adaptive rate\n",
    "    grad = r_t - lambda_reg * (V_t_real @ w_eg_ada)\n",
    "    #update learning rate\n",
    "    ma_eg = decay*ma_eg + (1-decay)*np.sum(grad**2)\n",
    "    lr_eg_ada = lr_base_eg / (np.sqrt(ma_eg) + epsilon)\n",
    "    #compute portfolio\n",
    "    w_eg_ada = w_eg_ada*np.exp(lr_eg_ada * grad)/np.sum(w_eg_ada*np.exp(lr_eg_ada * grad))\n",
    "\n",
    "for t in tqdm(range(window, T)):\n",
    "    \n",
    "    # we compute performance of portfolios on day t (from weights that were computed at t-1)\n",
    "    r_t = returns[t]          \n",
    "    V_t_real = covs[t]        \n",
    "    \n",
    "    ret_ogd = np.dot(w_ogd, r_t)\n",
    "    ret_ogd_ada = np.dot(w_ogd_ada, r_t)\n",
    "    ret_eg = np.dot(w_eg, r_t)\n",
    "    ret_eg_ada = np.dot(w_eg_ada, r_t)\n",
    "    ret_marko_roll = np.dot(w_marko_roll, r_t)\n",
    "    ret_marko_full = np.dot(w_marko_full, r_t)\n",
    "    ret_eq = np.mean(r_t)\n",
    "    \n",
    "    # update wealth of each portfolio\n",
    "    wealth_ogd.append(wealth_ogd[-1] * (1 + ret_ogd))\n",
    "    wealth_ogd_ada.append(wealth_ogd_ada[-1] * (1 + ret_ogd_ada))\n",
    "    wealth_eg.append(wealth_eg[-1] * (1 + ret_eg))\n",
    "    wealth_eg_ada.append(wealth_eg_ada[-1] * (1 + ret_eg_ada))\n",
    "    wealth_marko_roll.append(wealth_marko_roll[-1] * (1 + ret_marko_roll))\n",
    "    wealth_marko_full.append(wealth_marko_full[-1] * (1 + ret_marko_full))\n",
    "    wealth_eq.append(wealth_eq[-1] * (1 + ret_eq))\n",
    "    \n",
    "    # update history of weights \n",
    "    hist_w_ogd.append(w_ogd)\n",
    "    hist_w_ogd_ada.append(w_ogd_ada)\n",
    "    hist_w_eg.append(w_eg)\n",
    "    hist_w_eg_ada.append(w_eg_ada)\n",
    "    hist_w_marko_roll.append(w_marko_roll)\n",
    "    hist_w_marko_full.append(w_marko_full)\n",
    "    \n",
    "\n",
    "    # update portfolios for day t+1\n",
    "    # 1. UPDATE OMD \n",
    "    # Gradient of f_t(w) = <r_t, w> - lambda/2 * w.T * V_t * w is:\n",
    "    # Grad = r_t - lambda * V_t * w\n",
    "    grad = r_t - lambda_reg * (V_t_real @ w_ogd)\n",
    "    # gradient update and projection on simplex \n",
    "    w_temp = w_ogd + lr_ogd * grad\n",
    "    w_ogd = project_to_simplex(w_temp)\n",
    "\n",
    "\n",
    "    #1' UPDATE OMD WITH ADAPTIVE GRADIENT \n",
    "    #gradient for OGD with adaptive rate\n",
    "    grad = r_t - lambda_reg * (V_t_real @ w_ogd_ada)\n",
    "    #update learning rate\n",
    "    ma_ogd = decay*ma_ogd + (1-decay)*np.sum(grad**2)\n",
    "    lr_ogd_ada = lr_base_ogd / (np.sqrt(ma_ogd) + epsilon)\n",
    "    #compute portfolio\n",
    "    w_ogd_ada = project_to_simplex(w_ogd + lr_ogd_ada * grad)\n",
    "\n",
    "\n",
    "    # 1''. UPDATE EG\n",
    "    grad = r_t - lambda_reg * (V_t_real @ w_eg)\n",
    "    w_eg = w_eg*np.exp(lr_eg * grad)/np.sum(w_eg*np.exp(lr_eg * grad))\n",
    "\n",
    "    # 1''' UPDATE EG WITH ADAPTIVE GRADIENT\n",
    "    #gradient for EG with adaptive rate\n",
    "    grad = r_t - lambda_reg * (V_t_real @ w_eg_ada)\n",
    "    #update learning rate\n",
    "    ma_eg = decay*ma_eg + (1-decay)*np.sum(grad**2)\n",
    "    lr_eg_ada = lr_base_eg / (np.sqrt(ma_eg) + epsilon)\n",
    "    #compute portfolio\n",
    "    w_eg_ada = w_eg_ada*np.exp(lr_eg_ada * grad)/np.sum(w_eg_ada*np.exp(lr_eg_ada * grad))\n",
    "\n",
    "    \n",
    "    # 2. UPDATE MARKOWITZ ROLLING\n",
    "    idx_start = t - window + 1\n",
    "    idx_end = t + 1\n",
    "    mu_roll = np.mean(returns[idx_start:idx_end], axis=0)\n",
    "    sigma_roll = np.mean(covs[idx_start:idx_end], axis=0)\n",
    "    w_marko_roll = solve_qp(mu_roll, sigma_roll, lambda_reg)\n",
    "    \n",
    "    # 3. UPDATE MARKOWITZ FULL HISTORY (Depuis le début)\n",
    "    mu_full = np.mean(returns[:idx_end], axis=0)\n",
    "    sigma_full = np.mean(covs[:idx_end], axis=0)\n",
    "    w_marko_full = solve_qp(mu_full, sigma_full, lambda_reg)\n",
    "    \n"
   ]
  },
  {
   "cell_type": "code",
   "execution_count": 93,
   "id": "7061c1b1",
   "metadata": {},
   "outputs": [
    {
     "data": {
