{
 "cells": [
  {
   "cell_type": "code",
   "execution_count": 2,
   "id": "2cec62aa",
   "metadata": {},
   "outputs": [],
   "source": [
    "import pandas as pd \n",
    "import numpy as np\n",
    "import matplotlib.pyplot as plt\n",
    "import cvxpy as cp\n",
    "from tqdm import tqdm"
   ]
  },
  {
   "cell_type": "markdown",
   "id": "22587bad",
   "metadata": {},
   "source": [
    "# I- Data preparation"
   ]
  },
  {
   "cell_type": "markdown",
   "id": "57b7efbe",
   "metadata": {},
   "source": [
    "We'll use a dataset of historical returns and realized covariance of the main stock market indexes (Eurostoxx 500, S&P 500,...). Realized covariance on day $t$ between index $i$ and $j$ is estimated by: \n",
    "$$Cov_{t,i,j} = \\rho_{t,i,j} \\sigma_{t,i} \\sigma_{t,j}$$\n",
    "Where $\\rho_{t,i,j}$ is the historical correlation up to time $t$ between returns of index $i$ (60 days of returns) and $j$ and $\\sigma_{t,i}$ is the realized volatility of index $i$ during day $t$ (computed with datapoints with a 5 minutes frequency during day $t$.)"
   ]
  },
  {
   "cell_type": "code",
   "execution_count": 3,
   "id": "f3b677a1",
   "metadata": {},
   "outputs": [
    {
     "name": "stderr",
     "output_type": "stream",
     "text": [
      "C:\\Users\\jean-\\AppData\\Local\\Temp\\ipykernel_19580\\2323202665.py:4: FutureWarning: In a future version of pandas, parsing datetimes with mixed time zones will raise an error unless `utc=True`. Please specify `utc=True` to opt in to the new behaviour and silence this warning. To create a `Series` with mixed offsets and `object` dtype, please use `apply` and `datetime.datetime.strptime`\n",
      "  df['date'] = pd.to_datetime(df['date'])\n"
     ]
    },
    {
     "name": "stdout",
     "output_type": "stream",
     "text": [
      "removed assets : ['.BVLG_price', '.FTMIB_price', '.GSPTSE_price', '.OMXC20_price', '.OMXHPI_price', '.OMXSPI_price', '.OSEAX_price', '.SMSI_price', '.STI_price', '.BVLG_rv', '.FTMIB_rv', '.GSPTSE_rv', '.OMXC20_rv', '.OMXHPI_rv', '.OMXSPI_rv', '.OSEAX_rv', '.SMSI_rv', '.STI_rv']\n"
     ]
    }
   ],
   "source": [
    "df = pd.read_csv(\"oxfordmanrealizedvolatilityindices.csv\")\n",
    "df = df.rename(columns={'Unnamed: 0': 'date'})\n",
    "# df =df[~df['Symbol'].isin(['.MXX'])]\n",
    "df['date'] = pd.to_datetime(df['date'])\n",
    "\n",
    "#pivot pour passer de format long à wide \n",
    "pivot_prices = df.pivot(index='date', columns='Symbol', values='close_price')\n",
    "pivot_rv5 = df.pivot(index='date', columns='Symbol', values='rv5')\n",
    "\n",
    "#on combine les 2 pivot tables\n",
    "combined = pivot_prices.join(pivot_rv5, lsuffix='_price', rsuffix='_rv')\n",
    "\n",
    "\n",
    "#we toss the assets for wich there are more than 5% of missing values (and we will do forward fill on others)\n",
    "threshold = len(combined) * 0.1\n",
    "missing_counts = combined.isna().sum()\n",
    "cols_to_drop = missing_counts[missing_counts > threshold].index\n",
    "print(f\"removed assets : {cols_to_drop.tolist()}\")\n",
    "\n",
    "combined = combined.drop(columns=cols_to_drop)\n",
    "combined = combined.ffill()\n",
    "combined = combined.dropna()\n",
    "\n",
    "\n",
    "\n",
    "# Séparation après nettoyage\n",
    "prices = combined.filter(like='_price')\n",
    "variances = combined.filter(like='_rv')\n",
    "\n",
    "# Renommage des colonnes pour avoir juste les symboles\n",
    "prices.columns = [c.replace('_price', '') for c in prices.columns]\n",
    "variances.columns = [c.replace('_rv', '') for c in variances.columns]\n",
    "\n",
    "#Compute returns and realized covariances \n",
    "returns_df = prices.pct_change()\n",
    "realized_vol_df = np.sqrt(variances)\n",
    "\n",
    "# realign datasets \n",
    "valid_idx = returns_df.index.intersection(realized_vol_df.index)\n",
    "returns_df = returns_df.loc[valid_idx].dropna()\n",
    "realized_vol_df = realized_vol_df.loc[returns_df.index]\n",
    "\n",
    "#Compute realized correlations (rollign window of 60 days)\n",
    "# crée un objet MultiIndex (Date x Symbol) pour les corrélations\n",
    "rolling_corr = returns_df.rolling(window=60).corr() \n",
    "\n",
    "# On doit supprimer les premiers jours (car on n'a pas les 60 premieres valeurs de correlation)\n",
    "returns_df = returns_df.iloc[60:]\n",
    "realized_vol_df = realized_vol_df.iloc[60:]\n",
    "valid_dates = returns_df.index\n",
    "\n",
    "#construction of the tensor containing realized covariances\n",
    "T = len(valid_dates)\n",
    "N = len(returns_df.columns)\n",
    "\n",
    "# Structures finales\n",
    "cov_tensor = np.zeros((T, N, N))\n",
    "returns_matrix = returns_df.values\n",
    "\n",
    "assets = returns_df.columns.tolist()\n",
    "dates = valid_dates.values\n",
    "\n",
    "for t, date in enumerate(valid_dates):\n",
    "    # vector containing daily realized volatilities (oxford data)\n",
    "    sigma_vec = realized_vol_df.loc[date].values\n",
    "    \n",
    "    # matrix of estimated realized covariance matrix, built from daily realized volatility and historical correlations (computed over 60 days)\n",
    "    R = rolling_corr.loc[date].values\n",
    "        \n",
    "    # Cov = Sigma_outer * R\n",
    "    # avec Sigma_outer = matrice des produits sigma_i * sigma_j pour la date t \n",
    "    Sigma_outer = np.outer(sigma_vec, sigma_vec)\n",
    "    V_real = Sigma_outer * R\n",
    "    \n",
    "    cov_tensor[t, :, :] = V_real\n",
    "\n",
    "\n",
    "\n",
    "data = {\n",
    "    'dates': dates,\n",
    "    'assets': assets,\n",
    "    'returns': returns_matrix,      \n",
    "    'realized_covs': cov_tensor     \n",
    "}"
   ]
  },
  {
   "cell_type": "markdown",
   "id": "7020e191",
   "metadata": {},
   "source": [
    "Because of missing data in the dataset, we've kept only 14 indexes. These are the index for which there is no (or very little) missing data, with less than 5% of data missing. "
   ]
  },
  {
   "cell_type": "code",
   "execution_count": 4,
   "id": "86e600b7",
   "metadata": {},
   "outputs": [
    {
     "name": "stdout",
     "output_type": "stream",
     "text": [
      "dates: [Timestamp('2000-04-27 00:00:00+0100', tz='UTC+01:00')\n",
      " Timestamp('2000-04-28 00:00:00+0100', tz='UTC+01:00')\n",
      " Timestamp('2000-05-01 00:00:00+0100', tz='UTC+01:00')\n",
      " Timestamp('2000-05-02 00:00:00+0100', tz='UTC+01:00')\n",
      " Timestamp('2000-05-03 00:00:00+0100', tz='UTC+01:00')]\n",
      "assets: ['.AEX', '.AORD', '.BFX', '.BSESN', '.BVSP', '.DJI', '.FCHI', '.FTSE', '.GDAXI', '.HSI', '.IBEX', '.IXIC', '.KS11', '.KSE', '.MXX', '.N225', '.NSEI', '.RUT', '.SPX', '.SSEC', '.SSMI', '.STOXX50E']\n",
      "first day return [-0.02467135 -0.00285798 -0.01608623 -0.02422328 -0.00040463 -0.00575347\n",
      " -0.02405161 -0.01168561 -0.02350857 -0.00226697 -0.01815965  0.03957998\n",
      " -0.02767962  0.00369437  0.0139123  -0.00805182 -0.01336954  0.02135305\n",
      "  0.00198482 -0.01415828 -0.00497459 -0.01490569]\n",
      "first day realized covariance [[ 2.00287197e-04  3.59998425e-05  7.75084649e-05  3.02789962e-05\n",
      "   7.62080367e-05  2.52341329e-05  2.16483810e-04  1.45995491e-04\n",
      "   2.16486098e-04  1.26180759e-04  1.29895554e-04  1.40314153e-04\n",
      "   1.74253904e-04  3.47225368e-06  8.45686435e-05  5.75788038e-05\n",
      "   1.19430555e-05  4.49830191e-05  5.45082314e-05 -1.97045660e-05\n",
      "   5.72112279e-05  2.23154423e-04]\n",
      " [ 3.59998425e-05  3.69349323e-05  9.02699818e-06  6.51293205e-05\n",
      "   1.30794204e-05 -5.58582526e-06  1.86788421e-05  3.73709364e-05\n",
      "   2.70870893e-05  4.97996635e-05  1.59629370e-05 -1.12330760e-05\n",
      "   1.05329734e-04  6.05457213e-07  3.98231798e-05  4.41118787e-05\n",
      "   2.75761046e-05  4.45498517e-06 -5.14464913e-06  7.54666363e-07\n",
      "   1.60158491e-05  3.31381430e-05]\n",
      " [ 7.75084649e-05  9.02699818e-06  5.44046984e-04 -2.75559241e-05\n",
      "   1.44204159e-05  1.53891931e-04  5.58051501e-05  4.72015684e-05\n",
      "   7.57154254e-05 -2.28015018e-05  2.13537593e-05 -2.74816723e-05\n",
      "   2.96573184e-05  5.37225345e-05  4.35174354e-05  4.46592157e-05\n",
      "  -1.62406753e-06  3.99324566e-07  1.01542445e-04 -2.47628134e-05\n",
      "   1.13277608e-04  6.46300332e-05]\n",
      " [ 3.02789962e-05  6.51293205e-05 -2.75559241e-05  9.61235856e-04\n",
      "   6.19607032e-05 -7.88122128e-05 -2.02535181e-05 -1.92075983e-05\n",
      "   5.17689366e-06  1.19805854e-04  3.33736486e-05 -4.58885883e-05\n",
      "   9.78635641e-05 -6.78856521e-06  8.05537425e-05  9.02234050e-05\n",
      "   3.31895908e-04 -5.90081625e-06 -5.76478341e-05  2.59517642e-05\n",
      "  -6.68800522e-06  1.65187355e-06]\n",
      " [ 7.62080367e-05  1.30794204e-05  1.44204159e-05  6.19607032e-05\n",
      "   1.72923014e-04  1.06408830e-04  8.48297386e-05  9.02505919e-05\n",
      "   8.79202801e-05  5.49908852e-05  4.09580470e-05  3.12494900e-04\n",
      "   6.51208091e-05  2.27858576e-05  2.83964114e-04 -3.80096900e-06\n",
      "   1.77282110e-05  8.27321891e-05  1.45062862e-04 -5.05988813e-06\n",
      "   2.04269374e-05  8.83361753e-05]\n",
      " [ 2.52341329e-05 -5.58582526e-06  1.53891931e-04 -7.88122128e-05\n",
      "   1.06408830e-04  3.78908325e-04  3.36347327e-05  3.66831966e-05\n",
      "   4.75034551e-06 -7.06135503e-05 -5.05108742e-05  2.38220202e-04\n",
      "  -2.99205672e-05  3.74179379e-05  2.62491334e-04 -2.14541138e-05\n",
      "  -4.56932129e-05  5.22176292e-05  2.91663991e-04 -3.87468066e-06\n",
      "   4.03717149e-05  1.44256685e-05]\n",
      " [ 2.16483810e-04  1.86788421e-05  5.58051501e-05 -2.02535181e-05\n",
      "   8.48297386e-05  3.36347327e-05  3.76075466e-04  1.68910454e-04\n",
      "   3.14480560e-04  1.40451948e-04  1.91720391e-04  2.05942263e-04\n",
      "   2.11817603e-04 -3.30123946e-05  1.67477669e-04  3.67565592e-05\n",
      "  -4.28176977e-06  5.38279476e-05  7.53520842e-05 -1.82888738e-05\n",
      "   5.43792292e-05  3.27210736e-04]\n",
      " [ 1.45995491e-04  3.73709364e-05  4.72015684e-05 -1.92075983e-05\n",
      "   9.02505919e-05  3.66831966e-05  1.68910454e-04  2.36367401e-04\n",
      "   1.89533562e-04  1.07263937e-04  1.30776545e-04  1.78930532e-04\n",
      "   2.19313857e-04 -2.21491834e-06  1.31212930e-04  6.26775294e-05\n",
      "   7.53402786e-06  5.86718842e-05  7.64019332e-05 -2.82713143e-05\n",
      "   6.34786684e-05  1.83031268e-04]\n",
      " [ 2.16486098e-04  2.70870893e-05  7.57154254e-05  5.17689366e-06\n",
      "   8.79202801e-05  4.75034551e-06  3.14480560e-04  1.89533562e-04\n",
      "   3.94150902e-04  1.36882511e-04  1.91930060e-04  1.82242532e-04\n",
      "   2.22346965e-04 -4.33525538e-06  1.58070004e-04  4.80829381e-05\n",
      "   2.97376466e-06  4.29685556e-05  5.42816502e-05 -3.18062693e-05\n",
      "   7.70837794e-05  3.20917736e-04]\n",
      " [ 1.26180759e-04  4.97996635e-05 -2.28015018e-05  1.19805854e-04\n",
      "   5.49908852e-05 -7.06135503e-05  1.40451948e-04  1.07263937e-04\n",
      "   1.36882511e-04  2.76991638e-04  1.17502722e-04  8.92193869e-05\n",
      "   2.69774703e-04 -3.17669550e-05  9.50321026e-05  1.04380585e-04\n",
      "   5.20813195e-05  3.65175714e-05 -2.60698176e-05  2.26628062e-05\n",
      "   2.41732449e-05  1.56290905e-04]\n",
      " [ 1.29895554e-04  1.59629370e-05  2.13537593e-05  3.33736486e-05\n",
      "   4.09580470e-05 -5.05108742e-05  1.91720391e-04  1.30776545e-04\n",
      "   1.91930060e-04  1.17502722e-04  1.92626034e-04  8.59768193e-05\n",
      "   1.40376599e-04 -1.48197490e-05  6.37265271e-05  2.90431019e-05\n",
      "   2.57371005e-05  2.62131622e-05 -1.21384273e-05 -2.31204165e-07\n",
      "   2.00416884e-05  1.91640887e-04]\n",
      " [ 1.40314153e-04 -1.12330760e-05 -2.74816723e-05 -4.58885883e-05\n",
      "   3.12494900e-04  2.38220202e-04  2.05942263e-04  1.78930532e-04\n",
      "   1.82242532e-04  8.92193869e-05  8.59768193e-05  9.53778599e-04\n",
      "   6.61291935e-05  3.82999459e-05  6.34378560e-04 -9.22257033e-05\n",
      "  -4.39951046e-05  2.43368908e-04  3.73379716e-04 -1.93246701e-05\n",
      "   7.16624978e-06  1.97616154e-04]\n",
      " [ 1.74253904e-04  1.05329734e-04  2.96573184e-05  9.78635641e-05\n",
      "   6.51208091e-05 -2.99205672e-05  2.11817603e-04  2.19313857e-04\n",
      "   2.22346965e-04  2.69774703e-04  1.40376599e-04  6.61291935e-05\n",
      "   8.13411268e-04 -5.18868162e-07  2.84681949e-04  1.96835637e-04\n",
      "   6.18016104e-05  3.80060732e-05  7.56625299e-06 -2.56402424e-05\n",
      "   1.09498778e-04  2.38520627e-04]\n",
      " [ 3.47225368e-06  6.05457213e-07  5.37225345e-05 -6.78856521e-06\n",
      "   2.27858576e-05  3.74179379e-05 -3.30123946e-05 -2.21491834e-06\n",
      "  -4.33525538e-06 -3.17669550e-05 -1.48197490e-05  3.82999459e-05\n",
      "  -5.18868162e-07  1.12426395e-04 -1.39334177e-06 -1.30985844e-05\n",
      "  -8.79263835e-06  5.93718766e-06  3.04821386e-05  1.79616758e-07\n",
      "   2.27122427e-05 -1.41850062e-05]\n",
      " [ 8.45686435e-05  3.98231798e-05  4.35174354e-05  8.05537425e-05\n",
      "   2.83964114e-04  2.62491334e-04  1.67477669e-04  1.31212930e-04\n",
      "   1.58070004e-04  9.50321026e-05  6.37265271e-05  6.34378560e-04\n",
      "   2.84681949e-04 -1.39334177e-06  9.47036891e-04 -1.29998672e-06\n",
      "   1.89961787e-05  1.65810394e-04  3.19223231e-04  1.20554245e-05\n",
      "   6.53868000e-06  1.62630780e-04]\n",
      " [ 5.75788038e-05  4.41118787e-05  4.46592157e-05  9.02234050e-05\n",
      "  -3.80096900e-06 -2.14541138e-05  3.67565592e-05  6.26775294e-05\n",
      "   4.80829381e-05  1.04380585e-04  2.90431019e-05 -9.22257033e-05\n",
      "   1.96835637e-04 -1.30985844e-05 -1.29998672e-06  1.44049552e-04\n",
      "   4.46776133e-05 -1.10100061e-05 -2.88966658e-05  2.00946756e-06\n",
      "   4.62967200e-05  5.27199185e-05]\n",
      " [ 1.19430555e-05  2.75761046e-05 -1.62406753e-06  3.31895908e-04\n",
      "   1.77282110e-05 -4.56932129e-05 -4.28176977e-06  7.53402786e-06\n",
      "   2.97376466e-06  5.20813195e-05  2.57371005e-05 -4.39951046e-05\n",
      "   6.18016104e-05 -8.79263835e-06  1.89961787e-05  4.46776133e-05\n",
      "   1.39191209e-04 -7.24171992e-06 -3.87140740e-05  9.89206001e-06\n",
      "  -4.77436550e-06  4.64391857e-06]\n",
      " [ 4.49830191e-05  4.45498517e-06  3.99324566e-07 -5.90081625e-06\n",
      "   8.27321891e-05  5.22176292e-05  5.38279476e-05  5.86718842e-05\n",
      "   4.29685556e-05  3.65175714e-05  2.62131622e-05  2.43368908e-04\n",
      "   3.80060732e-05  5.93718766e-06  1.65810394e-04 -1.10100061e-05\n",
      "  -7.24171992e-06  7.22908442e-05  8.97714129e-05 -1.91963304e-06\n",
      "   6.27071245e-06  5.30187462e-05]\n",
      " [ 5.45082314e-05 -5.14464913e-06  1.01542445e-04 -5.76478341e-05\n",
      "   1.45062862e-04  2.91663991e-04  7.53520842e-05  7.64019332e-05\n",
      "   5.42816502e-05 -2.60698176e-05 -1.21384273e-05  3.73379716e-04\n",
      "   7.56625299e-06  3.04821386e-05  3.19223231e-04 -2.88966658e-05\n",
      "  -3.87140740e-05  8.97714129e-05  2.77438405e-04 -1.17026606e-05\n",
      "   3.37918652e-05  6.05492501e-05]\n",
      " [-1.97045660e-05  7.54666363e-07 -2.47628134e-05  2.59517642e-05\n",
      "  -5.05988813e-06 -3.87468066e-06 -1.82888738e-05 -2.82713143e-05\n",
      "  -3.18062693e-05  2.26628062e-05 -2.31204165e-07 -1.93246701e-05\n",
      "  -2.56402424e-05  1.79616758e-07  1.20554245e-05  2.00946756e-06\n",
      "   9.89206001e-06 -1.91963304e-06 -1.17026606e-05  6.94185455e-05\n",
      "  -3.08901381e-05 -2.34033822e-05]\n",
      " [ 5.72112279e-05  1.60158491e-05  1.13277608e-04 -6.68800522e-06\n",
      "   2.04269374e-05  4.03717149e-05  5.43792292e-05  6.34786684e-05\n",
      "   7.70837794e-05  2.41732449e-05  2.00416884e-05  7.16624978e-06\n",
      "   1.09498778e-04  2.27122427e-05  6.53868000e-06  4.62967200e-05\n",
      "  -4.77436550e-06  6.27071245e-06  3.37918652e-05 -3.08901381e-05\n",
      "   8.39040526e-05  6.27350862e-05]\n",
      " [ 2.23154423e-04  3.31381430e-05  6.46300332e-05  1.65187355e-06\n",
      "   8.83361753e-05  1.44256685e-05  3.27210736e-04  1.83031268e-04\n",
      "   3.20917736e-04  1.56290905e-04  1.91640887e-04  1.97616154e-04\n",
      "   2.38520627e-04 -1.41850062e-05  1.62630780e-04  5.27199185e-05\n",
      "   4.64391857e-06  5.30187462e-05  6.05492501e-05 -2.34033822e-05\n",
      "   6.27350862e-05  3.22213447e-04]]\n"
     ]
    }
   ],
   "source": [
    "print(\"dates:\",data['dates'][:5])\n",
    "print(\"assets:\",data['assets'])\n",
    "print(\"first day return\",data['returns'][0])\n",
    "print(\"first day realized covariance\",data['realized_covs'][0])"
   ]
  },
  {
   "cell_type": "markdown",
   "id": "3809645d",
   "metadata": {},
   "source": [
    "# II- Online portfolio construction"
   ]
  },
  {
   "cell_type": "markdown",
   "id": "372ef4ea",
   "metadata": {},
   "source": [
    "For now, we don't add any forecasts of covariance and returns to the experiments but we will motivate the interest of online learning and its robustness to adversarial environments by comparing the following portfolios.\n",
    "- equal weights portfolio \n",
    "- Markowitz portfolio (without short-selling and leverage) on the average of returns and realized covariance on the last 60 days. \n",
    "- Markowitz portfolio (without short-selling and leverage) on the average of returns and realized covariance on the full history. This portfolio is equivalent to a Follow-The-Leader algorithm \n",
    "- Online gradient descent/FTRL portfolio with regularizer $R(w) = \\frac{1}{2}\\|w\\|_2^2$:\n",
    "$$w_{t+1} =  \\arg\\max_{w \\in \\Delta_N} \\langle \\nabla f_t(w_t),w \\rangle - \\frac{1}{2\\eta}\\|w-w_t\\|_2^2 =  \\arg\\max_{w \\in \\Delta_N} \\eta \\sum_{s=0}^t f_s(w) - \\frac{1}{2}\\|w\\|_2^2$$\n",
    "$$ \\Leftrightarrow w_{t+1} = \\text{Proj}_{\\Delta_N}(w_t + \\eta \\nabla f_t(w_t))$$\n",
    "- Exponentiated gradient/FTRL with negative entropy regularizer:\n",
    "$$ w_{t+1} =\\arg\\max_{w \\in \\Delta_N} \\eta \\sum_{s=0}^t f_s(w) + \\sum_{i=1}^Nw_i log (w_i) $$\n",
    "$$ \\Leftrightarrow w_{t+1} = \\left( \\frac{e^{\\eta \\sum_{i=1}^{t}\\nabla f_s(w_s)_k}}{\\sum_{j=1}^Ne^{\\eta \\sum_{i=1}^{t}\\nabla f_s(w_s)_j}}\\right)_{ 1 \\leq k \\leq N} $$\n",
    "\n",
    "The Exponentiated gradient algorithm is expected to work better than the OGD algorithm as the negative entropy regularizer is better suited to the geometry of the simplex and yields tighter regret bounds from a mathematical perspective (allows to remove some dependence in the dimension/number of assets in the regret bound).\n",
    "\n",
    "\n",
    "Regarding the learning rate used by the online learning algorithms: we'll use the RMSProp approach to tune the learning rate, ie set: \n",
    "$$ \\eta_t = \\frac{\\eta_{base}}{\\sqrt{A_t} + \\epsilon}$$\n",
    "where $A_t =  \\gamma A_{t-1} + (1- \\gamma) \\|\\nabla f_t(w_t)\\|^2$ is the quadratic moving average of the gradient.\n"
   ]
  },
  {
   "cell_type": "code",
   "execution_count": 5,
   "id": "37fe4c90",
   "metadata": {},
   "outputs": [],
   "source": [
    "#  projection on simplex of a vector v\n",
    "def project_to_simplex(v):\n",
    "    \n",
    "    n = len(v)\n",
    "    u = np.sort(v)[::-1]\n",
    "    cssv = np.cumsum(u)\n",
    "    rho = np.nonzero(u * np.arange(1, n + 1) > (cssv - 1))[0][-1]\n",
    "    theta = (cssv[rho] - 1) / (rho + 1.0)\n",
    "    w = np.maximum(v - theta, 0)\n",
    "    return w\n",
    "\n",
    "# quadratic program solver for markowitz portfolio\n",
    "def solve_qp(mu_est, Sigma_est, risk_aversion):\n",
    "    \"\"\"\n",
    "    Résout: Max w^T*mu - (lambda/2) * w^T*Sigma*w\n",
    "    Sujet à: sum(w)=1, w>=0\n",
    "    \"\"\"\n",
    "    N = len(mu_est)\n",
    "    w = cp.Variable(N)\n",
    "    gamma = cp.Parameter(nonneg=True, value=risk_aversion)\n",
    "    # we add a small regularization to Sigma to ensure it's positive definite\n",
    "    Sigma_est = Sigma_est + np.eye(N) * 1e-6\n",
    "\n",
    "    # Objectif : Maximiser le rendement ajusté du risque\n",
    "    # Note: cvxpy minimise, donc on minimise -(Rendement - Penalité)\n",
    "    ret = mu_est @ w\n",
    "    risk = cp.quad_form(w, cp.psd_wrap(Sigma_est))\n",
    "    prob = cp.Problem(cp.Maximize(ret - (gamma / 2) * risk), \n",
    "                      [cp.sum(w) == 1, w >= 0])\n",
    "    \n",
    "    try:\n",
    "        prob.solve(solver=cp.OSQP, warm_start=True) \n",
    "        return w.value\n",
    "    except Exception as e:\n",
    "        print(\"failed to compute markowitz solution\",e)\n",
    "\n",
    "\n",
    "\n",
    "def calculate_annualized_sharpe_ratio(wealth_series, risk_free_rate=0.0, periods_per_year=252):\n",
    "\n",
    "    returns = pd.Series(wealth_series).pct_change().dropna()\n",
    "    mean_return = returns.mean()\n",
    "    std_return = returns.std()\n",
    "    # Formule : (Moyenne - Rf) / Volatilité * Racine(Périodes)\n",
    "    # Note: On suppose Rf journalier ~ 0 pour simplifier\n",
    "    sharpe = (mean_return - risk_free_rate) / std_return\n",
    "    annualized_sharpe = sharpe * np.sqrt(periods_per_year)\n",
    "    \n",
    "    return annualized_sharpe\n",
    "\n",
    "\n",
    "def get_rolling_sharpe(wealth_array, window, rf=0.0):\n",
    "\n",
    "    s = pd.Series(wealth_array)\n",
    "\n",
    "    returns = s.pct_change()\n",
    "\n",
    "    roll_mean = returns.rolling(window).mean()\n",
    "    roll_std = returns.rolling(window).std()\n",
    "    \n",
    "    rolling_sharpe = (roll_mean - rf) / roll_std * np.sqrt(252)\n",
    "    \n",
    "    return rolling_sharpe"
   ]
  },
  {
   "cell_type": "code",
   "execution_count": 116,
   "id": "6ee4be4e",
   "metadata": {},
   "outputs": [
    {
     "name": "stderr",
     "output_type": "stream",
     "text": [
      "  0%|          | 0/4644 [00:00<?, ?it/s]"
     ]
    },
    {
     "name": "stderr",
     "output_type": "stream",
     "text": [
      "100%|██████████| 4644/4644 [02:04<00:00, 37.17it/s]\n"
     ]
    }
   ],
   "source": [
    "dates = data['dates']\n",
    "returns = data['returns']        \n",
    "covs = data['realized_covs']     \n",
    "assets = data['assets']\n",
    "\n",
    "T, N = returns.shape\n",
    "\n",
    "# Parameters of the model\n",
    "lambda_reg = 25   # risk aversion parameter of utility functions: allows to play on the level of diversification of the portfolio and on the risk/return tradeoff\n",
    "lr_ogd = 0.1 \n",
    "lr_eg = 1         # Learning Rate for FTRL / OMD \n",
    "window = 120       # rolling window for Markowitz rolling mean \n",
    "\n",
    "ma_eg = 0.0  # Moving average of the gradient \n",
    "ma_ogd = 0.0\n",
    "decay = 0.9        # decay factor \n",
    "lr_base_eg = 0.1      # Learning rate \n",
    "lr_base_ogd = 0.01      # Learning rate\n",
    "epsilon = 1e-6     # to avoid dividing by zero\n",
    "\n",
    "#initialization of variables \n",
    "#OGD\n",
    "w_ogd = np.ones(N) / N\n",
    "wealth_ogd = [1.0]\n",
    "\n",
    "#OGD with adaptive learning date\n",
    "w_ogd_ada = np.ones(N) / N\n",
    "wealth_ogd_ada = [1.0]\n",
    "\n",
    "#EG\n",
    "w_eg = np.ones(N) / N\n",
    "wealth_eg = [1.0]\n",
    "\n",
    "#EG with adaptive learning date\n",
    "w_eg_ada = np.ones(N) / N\n",
    "wealth_eg_ada = [1.0]\n",
    "\n",
    "#Markowitz Rolling \n",
    "w_marko_roll = np.ones(N) / N\n",
    "wealth_marko_roll = [1.0]\n",
    "\n",
    "#Markowitz Full History \n",
    "w_marko_full = np.ones(N) / N\n",
    "wealth_marko_full = [1.0]\n",
    "\n",
    "#Benchmark\n",
    "wealth_eq = [1.0]\n",
    "\n",
    "#history of weights \n",
    "hist_w_ogd = []\n",
    "hist_w_ogd_ada = []\n",
    "hist_w_eg = []\n",
    "hist_w_eg_ada = []\n",
    "hist_w_marko_roll = []\n",
    "hist_w_marko_full = []\n",
    "\n",
    "\n",
    "#we start the experiment at day 60 to have enough data to feed the markowitz portfolio\n",
    "#but we need to warm up OMD before that even if we don't invest in it\n",
    "for t in range(0, window):\n",
    "\n",
    "    r_t = returns[t]\n",
    "    V_t_real = covs[t]\n",
    "\n",
    "    #gradient for OGD\n",
    "    grad = r_t - lambda_reg * (V_t_real @ w_ogd)\n",
    "    w_ogd = project_to_simplex(w_ogd + lr_ogd * grad)\n",
    "\n",
    "    #gradient for OGD with adaptive rate\n",
    "    grad = r_t - lambda_reg * (V_t_real @ w_ogd_ada)\n",
    "    #update learning rate\n",
    "    ma_ogd = decay*ma_ogd + (1-decay)*np.sum(grad**2)\n",
    "    lr_ogd_ada = lr_base_ogd / (np.sqrt(ma_ogd) + epsilon)\n",
    "    #compute portfolio\n",
    "    w_ogd_ada = project_to_simplex(w_ogd_ada + lr_ogd_ada * grad)\n",
    "\n",
    "    #gradient for exponentiated gradient algorithm\n",
    "    grad = r_t - lambda_reg * (V_t_real @ w_eg)\n",
    "    w_eg = w_eg*np.exp(lr_eg * grad)/np.sum(w_eg*np.exp(lr_eg * grad))\n",
    "\n",
    "    #gradient for EG with adaptive rate\n",
    "    grad = r_t - lambda_reg * (V_t_real @ w_eg_ada)\n",
    "    #update learning rate\n",
    "    ma_eg = decay*ma_eg + (1-decay)*np.sum(grad**2)\n",
    "    lr_eg_ada = lr_base_eg / (np.sqrt(ma_eg) + epsilon)\n",
    "    #compute portfolio\n",
    "    w_eg_ada = w_eg_ada*np.exp(lr_eg_ada * grad)/np.sum(w_eg_ada*np.exp(lr_eg_ada * grad))\n",
    "\n",
    "for t in tqdm(range(window, T)):\n",
    "    \n",
    "    # we compute performance of portfolios on day t (from weights that were computed at t-1)\n",
    "    r_t = returns[t]          \n",
    "    V_t_real = covs[t]        \n",
    "    \n",
    "    ret_ogd = np.dot(w_ogd, r_t)\n",
    "    ret_ogd_ada = np.dot(w_ogd_ada, r_t)\n",
    "    ret_eg = np.dot(w_eg, r_t)\n",
    "    ret_eg_ada = np.dot(w_eg_ada, r_t)\n",
    "    ret_marko_roll = np.dot(w_marko_roll, r_t)\n",
    "    ret_marko_full = np.dot(w_marko_full, r_t)\n",
    "    ret_eq = np.mean(r_t)\n",
    "    \n",
    "    # update wealth of each portfolio\n",
    "    wealth_ogd.append(wealth_ogd[-1] * (1 + ret_ogd))\n",
    "    wealth_ogd_ada.append(wealth_ogd_ada[-1] * (1 + ret_ogd_ada))\n",
    "    wealth_eg.append(wealth_eg[-1] * (1 + ret_eg))\n",
    "    wealth_eg_ada.append(wealth_eg_ada[-1] * (1 + ret_eg_ada))\n",
    "    wealth_marko_roll.append(wealth_marko_roll[-1] * (1 + ret_marko_roll))\n",
    "    wealth_marko_full.append(wealth_marko_full[-1] * (1 + ret_marko_full))\n",
    "    wealth_eq.append(wealth_eq[-1] * (1 + ret_eq))\n",
    "    \n",
    "    # update history of weights \n",
    "    hist_w_ogd.append(w_ogd)\n",
    "    hist_w_ogd_ada.append(w_ogd_ada)\n",
    "    hist_w_eg.append(w_eg)\n",
    "    hist_w_eg_ada.append(w_eg_ada)\n",
    "    hist_w_marko_roll.append(w_marko_roll)\n",
    "    hist_w_marko_full.append(w_marko_full)\n",
    "    \n",
    "\n",
    "    # update portfolios for day t+1\n",
    "    # 1. UPDATE OMD \n",
    "    # Gradient of f_t(w) = <r_t, w> - lambda/2 * w.T * V_t * w is:\n",
    "    # Grad = r_t - lambda * V_t * w\n",
    "    grad = r_t - lambda_reg * (V_t_real @ w_ogd)\n",
    "    # gradient update and projection on simplex \n",
    "    w_temp = w_ogd + lr_ogd * grad\n",
    "    w_ogd = project_to_simplex(w_temp)\n",
    "\n",
    "\n",
    "    #1' UPDATE OMD WITH ADAPTIVE GRADIENT \n",
    "    #gradient for OGD with adaptive rate\n",
    "    grad = r_t - lambda_reg * (V_t_real @ w_ogd_ada)\n",
    "    #update learning rate\n",
    "    ma_ogd = decay*ma_ogd + (1-decay)*np.sum(grad**2)\n",
    "    lr_ogd_ada = lr_base_ogd / (np.sqrt(ma_ogd) + epsilon)\n",
    "    #compute portfolio\n",
    "    w_ogd_ada = project_to_simplex(w_ogd_ada + lr_ogd_ada * grad)\n",
    "\n",
    "\n",
    "    # 1''. UPDATE EG\n",
    "    grad = r_t - lambda_reg * (V_t_real @ w_eg)\n",
    "    w_eg = w_eg*np.exp(lr_eg * grad)/np.sum(w_eg*np.exp(lr_eg * grad))\n",
    "\n",
    "    # 1''' UPDATE EG WITH ADAPTIVE GRADIENT\n",
    "    #gradient for EG with adaptive rate\n",
    "    grad = r_t - lambda_reg * (V_t_real @ w_eg_ada)\n",
    "    #update learning rate\n",
    "    ma_eg = decay*ma_eg + (1-decay)*np.sum(grad**2)\n",
    "    lr_eg_ada = lr_base_eg / (np.sqrt(ma_eg) + epsilon)\n",
    "    #compute portfolio\n",
    "    w_eg_ada = w_eg_ada*np.exp(lr_eg_ada * grad)/np.sum(w_eg_ada*np.exp(lr_eg_ada * grad))\n",
    "\n",
    "    \n",
    "    # 2. UPDATE MARKOWITZ ROLLING\n",
    "    idx_start = t - window + 1\n",
    "    idx_end = t + 1\n",
    "    mu_roll = np.mean(returns[idx_start:idx_end], axis=0)\n",
    "    sigma_roll = np.mean(covs[idx_start:idx_end], axis=0)\n",
    "    w_marko_roll = solve_qp(mu_roll, sigma_roll, lambda_reg)\n",
    "    \n",
    "    # 3. UPDATE MARKOWITZ FULL HISTORY (Depuis le début)\n",
    "    mu_full = np.mean(returns[:idx_end], axis=0)\n",
    "    sigma_full = np.mean(covs[:idx_end], axis=0)\n",
    "    w_marko_full = solve_qp(mu_full, sigma_full, lambda_reg)\n",
    "    \n"
   ]
  },
  {
   "cell_type": "code",
   "execution_count": 10,
   "id": "040a3c24",
   "metadata": {},
   "outputs": [],
   "source": [
    "def plot_strategy_performance(strategies, dates, window, weight_histories=None, assets=None):\n",
    "    \n",
    "    # Alignement des dates pour l'affichage (on suppose que wealth commence après 'window')\n",
    "    plot_dates = dates[window:]\n",
    "    \n",
    "    # ==========================================\n",
    "    # 1. CUMULATIVE WEALTH PLOT\n",
    "    # ==========================================\n",
    "    plt.figure(figsize=(12, 6))\n",
    "    \n",
    "    for name, wealth in strategies.items():\n",
    "        # Sécurité : alignement des dimensions\n",
    "        # Le wealth array a souvent 1 élément de plus (le 1.0 initial) ou correspond exactement\n",
    "        if len(wealth) > len(plot_dates):\n",
    "            # On suppose wealth = [1.0, w1, w2...] et plot_dates correspond à t=1..T\n",
    "            y_values = wealth[1:] \n",
    "        else:\n",
    "            y_values = wealth\n",
    "            \n",
    "        # Truncate to match shortest length just in case\n",
    "        limit = min(len(plot_dates), len(y_values))\n",
    "        plt.plot(plot_dates[:limit], y_values[:limit], label=name, linewidth=1.5)\n",
    "\n",
    "    plt.title(\"Wealth Evolution Comparison\")\n",
    "    plt.ylabel(\"Cumulative Wealth\")\n",
    "    plt.xlabel(\"Date\")\n",
    "    plt.legend()\n",
    "    plt.grid(True, alpha=0.3)\n",
    "    plt.show()\n",
    "\n",
    "    # ==========================================\n",
    "    # 2. SHARPE RATIO BAR CHART\n",
    "    # ==========================================\n",
    "    sharpe_results = {}\n",
    "    for name, wealth in strategies.items():\n",
    "        sharpe_results[name] = calculate_annualized_sharpe_ratio(wealth)\n",
    "        \n",
    "    plt.figure(figsize=(12, 6))\n",
    "    names = list(sharpe_results.keys())\n",
    "    values = list(sharpe_results.values())\n",
    "    \n",
    "    bars = plt.bar(names, values, alpha=0.7, edgecolor='black', color=plt.cm.tab10(np.arange(len(names))))\n",
    "\n",
    "    plt.title(\"Annualized Sharpe Ratio by Strategy\")\n",
    "    plt.ylabel(\"Sharpe Ratio\")\n",
    "    plt.axhline(0, color='black', linewidth=0.8) \n",
    "    plt.grid(axis='y', alpha=0.3)\n",
    "    plt.xticks(rotation=45, ha='right')\n",
    "\n",
    "    # Valeurs sur les barres\n",
    "    for bar in bars:\n",
    "        height = bar.get_height()\n",
    "        offset = 0.05 if height >= 0 else -0.15\n",
    "        plt.text(bar.get_x() + bar.get_width()/2., height + offset,\n",
    "                 f'{height:.2f}',\n",
    "                 ha='center', va='bottom' if height >=0 else 'top', fontweight='bold')\n",
    "\n",
    "    plt.tight_layout()\n",
    "    plt.show()\n",
    "\n",
    "    # ==========================================\n",
    "    # 3. ROLLING SHARPE RATIO\n",
    "    # ==========================================\n",
    "    plt.figure(figsize=(12, 6))\n",
    "    rolling_window_sharpe = 252 # 1 an de trading\n",
    "    \n",
    "    for name, wealth in strategies.items():\n",
    "        sharpe_series = get_rolling_sharpe(wealth, rolling_window_sharpe)\n",
    "        \n",
    "        # Alignement dates / séries\n",
    "        # La série rolling aura des NaN au début\n",
    "        if len(plot_dates) == len(sharpe_series):\n",
    "            plt.plot(plot_dates, sharpe_series, label=name, linewidth=1.5)\n",
    "        else:\n",
    "            # Gestion basique des décalages de taille\n",
    "            limit = min(len(plot_dates), len(sharpe_series))\n",
    "            plt.plot(plot_dates[-limit:], sharpe_series.iloc[-limit:], label=name, linewidth=1.5)\n",
    "\n",
    "    plt.title(f\"Rolling Annualized Sharpe Ratio ({rolling_window_sharpe}-day window)\")\n",
    "    plt.ylabel(\"Sharpe Ratio\")\n",
    "    plt.xlabel(\"Date\")\n",
    "    plt.axhline(0, color='black', linestyle='--', linewidth=1, alpha=0.8)\n",
    "    plt.legend(loc='upper left')\n",
    "    plt.grid(True, alpha=0.3)\n",
    "    plt.tight_layout()\n",
    "    plt.show()\n",
    "\n",
    "    # ==========================================\n",
    "    # 4. WEIGHTS STACKPLOTS (Optionnel)\n",
    "    # ==========================================\n",
    "    if weight_histories is not None and assets is not None:\n",
    "        for name, history in weight_histories.items():\n",
    "            plt.figure(figsize=(10, 5))\n",
    "            \n",
    "            # Conversion en array numpy si liste\n",
    "            hist_arr = np.array(history)\n",
    "            \n",
    "            # Vérification dimensions pour le plot\n",
    "            # stackplot demande (x, y1, y2...) où y sont de dimension (N, T)\n",
    "            # hist_arr est souvent (T, N), donc on transpose -> .T\n",
    "            \n",
    "            # Alignement temporel : history a souvent été rempli pendant la boucle\n",
    "            # Il faut s'assurer que sa longueur matche plot_dates\n",
    "            limit = min(len(plot_dates), hist_arr.shape[0])\n",
    "            \n",
    "            plt.stackplot(plot_dates[:limit], hist_arr[:limit].T, labels=assets)\n",
    "            \n",
    "            plt.title(f\"Evolution of weights: {name}\")\n",
    "            plt.ylabel(\"Allocation\")\n",
    "            plt.xlabel(\"Date\")\n",
    "            \n",
    "            # Légende à l'extérieur pour ne pas cacher le graph\n",
    "            plt.legend(loc='upper left', bbox_to_anchor=(1, 1), fontsize='small', ncol=1)\n",
    "            plt.tight_layout()\n",
    "            plt.show()"
   ]
  },
  {
   "cell_type": "code",
   "execution_count": 122,
   "id": "e08ac3ec",
   "metadata": {},
   "outputs": [
    {
     "data": {
